0015 8 8 6 6大双大双组三	0417 9 7 4 6小双大双组六	0816 5 3 8 4大双小双组六
0028 7 7 2 9小双大单组六	0424 0 0 5 4大单小双组六	0824 0 7 4 5小双大单组六
0032 8 6 0 4小双小双组六	0437 3 6 2 4小双小双组六	0835 8 0 0 9小双大单组三
0047 7 5 7 8大单大双组六	0440 1 0 3 2小单小双组六	0849 0 0 8 3大双小单组六
0055 2 9 5 1大单小单组六	0453 4 9 2 4小双小双组六	0857 1 8 7 4大单小双组六
0061 0 1 5 5大单大单组三	0462 5 9 3 8小单大双组六	0865 8 3 7 3大单小单组三
0079 0 4 6 9大双大单组六	0471 1 7 9 5大单大单组六	0872 7 6 8 3大双小单组六
0083 6 4 2 1小双小单组六	0480 2 1 9 2大单小双组六	0886 9 4 2 2小双小双组三
0093 1 6 7 7大单大单组三	0498 3 0 4 4小双小双组三	0899 0 5 4 8小双大双组六
0102 1 7 8 9大双大单组六	0508 1 2 8 5大双大单组六	0907 2 8 2 4小双小双组六
0119 6 6 4 4小双小双组三	0518 5 5 2 8小双大双组六	0914 1 3 8 5大双大单组六
0127 1 9 2 3小双小单组六	0524 9 5 3 0小单小双组六	0923 4 6 8 9大双大单组六
0137 1 2 8 7大双大单组六	0536 7 0 9 2大单小双组六	0933 1 6 4 1小双小单组六
0140 3 3 6 2大双小双组六	0547 4 4 1 3小单小单组六	0944 2 3 2 0小双小双组六
0155 5 1 8 9大双大单组六	0550 3 9 1 5小单大单组六	0956 6 6 7 8大单大双组六
0168 6 7 7 9大单大单组三	0563 3 2 4 7小双大单组六	0963 5 0 2 8小双大双组六
0173 8 1 7 2大单小双组六	0573 7 8 2 6小双大双组六	097
0188 1 8 4 2小双小双组六	0581 7 1 7 2大单小双组六	0988 4 2 9 0大单小双组六
0195 7 6 4 7小双大单组六	0596 6 8 4 0小双小双组六	099
0208 9 3 3 3小单小单豹子	0603 2 3 1 6小单大双组六	1008 2 7 9 6大单大双组六
0217 0 2 6 1大双小单组六	0617 9 7 1 2小单小双组六	101
0221 6 1 6 2大双小双组六	0625 3 4 5 6大单大双组六	102
0233 9 3 8 1大双小单组六	0639 5 7 9 2大单小双组六	103
0240 3 0 2 8小双大双组六	0645 8 9 8 8大双大双组三	1046 9 5 2 6小双大双组六
0259 4 6 4 0小双小双组六	0653 5 6 9 8大单大双组六	105
0263 4 6 8 3大双小单组六	0665 0 9 4 3小双小单组六	106
0273 4 2 7 7大单大单组三	0671 4 2 4 8小双大双组六	107
0282 4 6 9 4大单小双组六	0686 3 7 6 5大双大单组六	108
0291 0 1 2 0小双小双组六	0695 7 2 8 3大双小单组六	1098 4 6 9 1大单小单组六
0306 6 7 2 7小双大单组三	0703 3 2 9 5大单大单组六	110
0312 6 8 1 0小单小双组六	0712 0 4 9 4大单小双组三	1116 8 5 3 7小单大单组六
0328 9 6 2 0小双小双组六	0722 0 0 7 7大单大单组三	112
0334 8 0 2 9小双大单组六	0733 7 4 4 5小双大单组三	113
0346 3 0 0 3小双小单组三	0745 7 2 6 4大双小双组六	1143 7 2 1 6小单大双组六
0354 2 2 5 1大单小单组六	0752 1 4 5 6大单大双组六	1158 8 1 7 8大单大双组六
0366 9 0 4 4小双小双组三	0766 0 2 8 8大双大双组三	1160 3 0 6 3大双小单组六
0376 8 1 2 1小双小单组三	0773 5 3 6 6大双大双组三	117
0388 0 8 8 3大双小单组三	0785 1 2 0 5小双大单组六	118
0392 3 4 9 6大单大双组六	0797 3 5 8 8大双大双组三	119
0405 5 4 3 1小单小单组六	0808 3 0 4 9小双大单组六	120
0015 5 8 8 5大双大单组三	0411 7 2 0 0小双小双组三	0815 0 3 7 4大单小双组六
0026 3 2 7 1大单小单组六	0421 1 6 2 8小双大双组六	0821 1 9 1 5小单大单组六
0032 8 3 9 9大单大单组三	0436 4 3 3 1小单小单组三	0839 1 3 8 2大双小双组六
0046 4 3 1 2小单小双组六	0440 5 8 3 5小单大单组六	0844 6 5 7 5大单大单组三
0052 6 6 9 7大单大单组六	0456 6 0 9 6大单大双组六	0858 2 5 4 6小双大双组六
0061 5 2 9 2大单小双组三	0468 6 3 6 2大双小双组六	0869 5 5 1 4小单小双组六
0076 7 4 0 9小双大单组六	0470 8 3 5 9大单大单组六	0871 7 4 8 8大双大双组三
0082 1 3 9 7大单大单组六	0483 3 0 4 7小双大单组六	0881 1 9 5 4大单小双组六
0090 1 3 1 6小单大双组六	0490 5 9 4 4小双小双组三	0893 3 6 5 7大单大单组六
0102 0 5 3 8小单大双组六	0503 3 2 1 9小单大单组六	0906 4 6 8 8大双大双组三
0110 7 5 0 0小双小双组三	0515 1 9 2 9小双大单组三	0913 9 4 4 3小双小单组三
0125 3 1 1 4小单小双组三	0525 3 5 0 0小双小双组三	0920 2 8 9 4大单小双组六
0133 7 2 2 6小双大双组三	0538 7 1 4 7小双大单组六	0935 5 3 3 9小单大单组三
0141 5 5 1 3小单小单组六	0548 4 1 4 4小双小双组三	0945 4 9 8 5大双大单组六
0153 5 1 2 7小双大单组六	0553 8 7 5 2大单小双组六	0954 6 2 4 1小双小单组六
0161 0 6 7 7大单大单组三	0560 3 4 9 4大单小双组三	0960 7 7 7 5大单大单组三
0179 5 3 1 6小单大双组六	0571 6 5 0 0小双小双组三	0973 1 4 3 6小单大双组六
0187 9 3 7 3大单小单组三	0584 7 6 2 8小双大双组六	0984 3 7 6 2大双小双组六
0197 6 1 3 1小单小单组三	0591 9 6 1 4小单小双组六	0994 9 5 2 7小双大单组六
0205 2 6 9 8大单大双组六	0606 1 0 1 5小单大单组六	1008 0 0 1 3小单小单组六
0210 6 2 5 3大单小单组六	0618 2 8 3 8小单大双组三	1014 2 9 7 8大单大双组六
0225 1 1 4 2小双小双组六	0622 6 8 6 0大双小双组六	1029 6 3 3 1小单小单组三
0233 2 8 0 7小双大单组六	0639 0 5 2 8小双大双组六	1039 2 1 6 8大双大双组六
0246 6 9 9 4大单小双组三	0644 3 8 9 4大单小双组六	1041 7 5 4 7小双大单组六
0250 3 8 6 2大双小双组六	0653 3 9 2 1小双小单组六	1057 8 8 9 5大单大单组六
0266 0 9 3 6小单大双组六	0662 8 1 9 0大单小双组六	1068 9 8 2 9小双大单组六
0273 4 6 7 4大单小双组六	0671 5 2 8 2大双小双组三	1072 1 7 0 5小双大单组六
0281 4 6 4 0小双小双组六	0686 5 2 4 8小双大双组六	1089 3 5 5 5大单大单豹子
0295 2 3 6 1大双小单组六	0699 1 5 0 9小双大单组六	1091 1 9 7 9大单大单组三
0303 3 9 1 5小单大单组六	0705 9 5 0 3小双小单组六	1101 3 6 1 5小单大单组六
0315 1 0 5 3大单小单组六	0711 6 4 0 7小双大单组六	1112 4 1 2 7小双大单组六
0328 7 6 4 7小双大单组六	0729 4 5 1 0小单小双组六	1129 4 5 0 9小双大单组六
0334 9 5 4 4小双小双组三	0733 3 2 3 0小单小双组六	1130 6 5 9 2大单小双组六
0344 8 1 6 5大双大单组六	0744 9 5 1 1小单小单组三	1148 6 6 8 2大双小双组六
0350 1 4 2 4小双小双组三	0756 9 5 4 1小双小单组六	1155 7 2 1 4小单小双组六
0361 4 0 4 4小双小双组三	0763 3 4 4 8小双大双组三	1166 0 5 3 5小单大单组三
0373 3 7 5 4大单小双组六	0777 1 3 3 9小单大单组三	1176 8 6 0 6小双大双组三
0386 9 3 5 7大单大单组六	0782 1 1 4 7小双大单组六	1181 1 8 0 1小双小单组六
0392 1 7 0 3小双小单组六	0793 4 2 8 4大双小双组六	1196 2 4 5 0大单小双组六
0402 3 3 6 3大双小单组三	0806 4 9 5 2大单小双组六	1201 1 6 2 9小双大单组六
0012 0 6 7 5大单大单组六	0418 2 2 4 4小双小双组三	0814 7 7 7 7大单大单豹子
0029 3 3 9 7大单大单组六	0423 4 7 4 9小双大单组六	0825 1 6 7 3大单小单组六
0035 8 6 6 5大双大单组三	0430 7 8 0 1小双小单组六	0836 0 0 6 7大双大单组六
0048 1 9 2 0小双小双组六	0447 4 5 0 1小双小单组六	0840 6 4 0 8小双大双组六
0055 5 9 4 1小双小单组六	0458 8 0 3 9小单大单组六	0851 6 4 3 6小单大双组六
0064 2 4 7 8大单大双组六	0467 1 6 2 4小双小双组六	0867 1 3 3 0小单小双组三
0071 9 6 7 8大单大双组六	0471 5 2 1 2小单小双组三	0877 9 3 9 1大单小单组六
0088 8 0 2 6小双大双组六	0488 5 9 9 1大单小单组三	0883 3 4 4 2小双小双组三
0094 4 4 7 4大单小双组三	0495 1 5 0 6小双大双组六	0890 2 6 7 0大单小双组六
0106 2 0 3 9小单大单组六	0503 6 6 2 2小双小双组三	0905 7 4 4 6小双大双组三
0115 5 4 8 6大双大双组六	0512 4 9 4 8小双大双组六	0918 2 6 6 8大双大双组三
0127 2 2 8 8大双大双组三	0522 0 1 2 3小双小单组六	0921 4 5 5 1大单小单组三
0134 1 5 7 5大单大单组三	0539 8 8 9 6大单大双组六	0938 3 0 2 1小双小单组六
0143 9 0 4 8小双大双组六	0543 4 8 6 5大双大单组六	0940 3 2 4 8小双大双组六
0157 1 6 2 2小双小双组三	0559 7 3 4 1小双小单组六	0953 7 7 7 4大单小双组三
0163 4 9 8 2大双小双组六	0567 3 0 3 3小单小单组三	0965 3 6 9 4大单小双组六
0177 2 7 0 3小双小单组六	0573 4 1 8 1大双小单组三	0974 1 8 9 1大单小单组六
0183 3 5 1 9小单大单组六	0585 4 7 0 6小双大双组六	0989 2 6 4 7小双大单组六
0197 6 2 3 9小单大单组六	0599 3 8 0 7小双大单组六	0996 7 5 5 2大单小双组三
0201 5 5 5 5大单大单豹子	0601 1 1 8 6大双大双组六	1001 9 3 7 4大单小双组六
0210 3 6 5 8大单大双组六	0613 3 1 7 5大单大单组六	1014 4 1 5 7大单大单组六
0226 7 7 4 9小双大单组六	0627 9 5 4 9小双大单组六	1022 3 1 5 4大单小双组六
0233 9 9 0 2小双小双组六	0639 6 0 5 1大单小单组六	1030 4 0 8 1大双小单组六
0246 0 6 2 2小双小双组三	0641 2 1 5 3大单小单组六	1044 7 4 7 9大单大单组六
0259 3 8 7 9大单大单组六	0650 0 7 0 1小双小单组六	1057 2 8 3 0小单小双组六
0269 2 3 2 5小双大单组六	0668 4 5 3 4小单小双组六	1060 3 5 5 8大单大双组三
0270 8 6 3 7小单大单组六	0677 2 9 1 6小单大双组六	1077 1 7 1 3小单小单组六
0287 8 1 8 0大双小双组六	0680 4 1 1 7小单大单组三	1088 4 4 9 0大单小双组六
0299 6 2 5 5大单大单组三	0696 0 5 9 0大单小双组六	1092 8 0 9 4大单小双组六
0304 6 0 6 7大双大单组六	0706 5 4 5 5大单大单组三	1105 8 5 7 3大单小单组六
0318 1 9 9 5大单大单组三	0712 9 1 3 9小单大单组六	1118 1 3 4 1小双小单组六
0327 3 9 3 2小单小双组六	0722 0 8 0 8小双大双组三	1126 9 2 6 1大双小单组六
0330 1 2 2 9小双大单组三	0733 9 6 1 7小单大单组六	1133 1 3 0 5小双大单组六
0346 4 9 9 5大单大单组三	0745 9 7 5 0大单小双组六	1142 1 7 5 4大单小双组六
0355 0 4 3 5小单大单组六	0750 6 8 0 0小双小双组三	1157 7 1 7 1大单小单组三
0366 0 9 0 6小双大双组六	0763 6 7 3 9小单大单组六	1168 5 7 1 0小单小双组六
0378 7 3 7 3大单小单组三	0775 4 2 6 8大双大双组六	1176 5 7 8 7大双大单组三
0380 2 3 1 8小单大双组六	0782 1 6 8 9大双大单组六	1183 9 7 0 7小双大单组三
0391 0 9 9 3大单小单组三	0796 5 8 4 6小双大双组六	1195 1 3 0 6小双大双组六
0408 5 1 1 3小单小单组三	0809 3 4 8 2大双小双组六	1207 1 8 0 3小双小单组六
0019 0 7 7 5大单大单组三	0412 1 1 2 0小双小双组六	0818 0 3 2 6小双大双组六
0029 0 2 0 5小双大单组六	0422 4 2 3 9小单大单组六	0825 8 4 2 4小双小双组三
0039 6 9 3 0小单小双组六	0435 4 9 9 6大单大双组三	0837 1 9 2 2小双小双组三
0049 7 3 3 8小单大双组三	0446 5 9 4 7小双大单组六	0848 6 9 0 4小双小双组六
0053 9 4 6 7大双大单组六	0452 7 5 1 4小单小双组六	0857 1 8 7 3大单小单组六
0067 8 5 6 3大双小单组六	0462 5 5 2 7小双大单组六	0865 8 9 4 4小双小双组三
0072 5 0 0 6小双大双组三	0471 1 9 3 4小单小双组六	0874 6 5 5 3大单小单组三
0083 3 4 2 5小双大单组六	0484 4 5 4 3小双小单组六	0882 0 4 6 5大双大单组六
0095 1 6 6 5大双大单组三	0491 3 2 1 5小单大单组六	0893 1 0 5 7大单大单组六
0107 4 0 1 4小单小双组六	0504 1 7 5 4大单小双组六	0908 1 7 6 4大双小双组六
0113 5 4 4 2小双小双组三	0513 9 4 0 2小双小双组六	0910 9 9 1 1小单小单组三
0122 7 5 2 2小双小双组三	0524 9 4 3 4小单小双组三	0927 0 0 8 8大双大双组三
0131 1 6 0 6小双大双组三	0539 1 5 6 3大双小单组六	0933 7 0 2 6小双大双组六
0148 8 7 4 0小双小双组六	0547 3 1 4 3小双小单组六	0949 0 7 4 1小双小单组六
0158 8 4 3 9小单大单组六	0555 9 3 5 6大单大双组六	0953 8 0 8 6大双大双组六
0165 5 8 2 0小双小双组六	0566 3 3 9 0大单小双组六	0960 7 6 3 7小单大单组六
0175 9 0 8 8大双大双组三	0572 3 2 3 4小单小双组六	0977 2 6 6 5大双大单组三
0189 9 0 4 0小双小双组三	0587 6 7 0 7小双大单组三	0989 8 5 4 5小双大单组三
0191 0 6 1 5小单大单组六	0591 0 7 3 1小单小单组六	0998 1 3 1 6小单大双组六
0203 7 4 0 9小双大单组六	0608 8 9 4 2小双小双组六	1009 9 2 5 8大单大双组六
0213 5 7 0 3小双小单组六	0612 4 5 9 7大单大单组六	1014 8 0 3 9小单大单组六
0226 1 6 7 8大单大双组六	0621 9 1 0 5小双大单组六	1025 0 9 5 1大单小单组六
0237 8 0 2 7小双大单组六	0637 3 9 7 6大单大双组六	1036 4 5 8 9大双大单组六
0245 3 1 3 5小单大单组六	0643 8 2 8 0大双小双组六	1042 8 8 9 4大单小双组六
0251 8 4 0 7小双大单组六	0658 5 3 1 2小单小双组六	1054 7 7 7 9大单大单组三
0269 9 6 2 5小双大单组六	0660 0 9 4 7小双大单组六	1069 0 9 3 8小单大双组六
0271 3 6 6 9大双大单组三	0675 6 5 4 5小双大单组三	1077 3 4 6 0大双小双组六
0288 6 0 0 0小双小双豹子	0687 5 9 4 3小双小单组六	1087 2 4 2 1小双小单组六
0295 5 2 5 0大单小双组六	0698 7 3 2 5小双大单组六	1095 3 8 3 1小单小单组六
0304 9 9 4 5小双大单组六	0708 7 6 2 0小双小双组六	1105 2 4 6 5大双大单组六
0316 6 3 3 4小单小双组三	0719 7 7 5 1大单小单组六	1119 7 6 6 0大双小双组三
0325 8 2 1 6小单大双组六	0727 4 8 3 1小单小单组六	1126 1 4 5 2大单小双组六
0331 4 0 0 1小双小单组三	0730 5 8 0 2小双小双组六	1133 9 6 4 4小双小双组三
0345 7 8 9 3大单小单组六	0747 3 8 0 9小双大单组六	1143 4 6 1 9小单大单组六
0359 2 8 1 1小单小单组三	0755 0 0 2 7小双大单组六	1150 2 9 7 7大单大单组三
0363 0 3 0 4小双小双组六	0764 2 3 6 9大双大单组六	1161 9 9 0 3小双小单组六
0371 4 0 9 4大单小双组六	0772 3 5 1 4小单小双组六	1179 5 4 9 2大单小双组六
0383 0 1 6 2大双小双组六	0789 7 4 3 9小单大单组六	1187 8 0 6 3大双小单组六
0395 0 2 7 1大单小单组六	0795 3 1 9 5大单大单组六	1193 1 2 9 8大单大双组六
0404 3 5 2 0小双小双组六	0809 2 1 1 4小单小双组三	1201 5 2 9 3大单小单组六
0017 4 3 8 8大双大双组三	0418 3 9 2 9小双大单组三	0813 4 8 1 5小单大单组六
0025 2 6 9 0大单小双组六	0421 8 2 9 2大单小双组三	0825 4 1 3 9小单大单组六
0031 9 3 5 3大单小单组三	0430 8 4 6 1大双小单组六	0838 9 1 5 5大单大单组三
0045 0 8 2 0小双小双组六	0446 5 8 0 9小双大单组六	0847 1 5 7 7大单大单组三
0057 5 3 8 6大双大双组六	0459 0 5 8 4大双小双组六	0850 4 9 4 3小双小单组六
0069 8 1 0 1小双小单组三	0469 1 4 5 0大单小双组六	0864 8 6 1 2小单小双组六
0073 6 9 2 2小双小双组三	0473 7 8 6 5大双大单组六	0872 4 6 5 4大单小双组六
0081 2 1 7 6大单大双组六	0484 4 5 4 4小双小双组三	0885 8 0 3 1小单小单组六
0090 6 3 1 8小单大双组六	0493 9 5 8 6大双大双组六	0894 0 7 2 9小双大单组六
0104 9 6 6 1大双小单组三	0500 5 2 6 3大双小单组六	0902 7 6 0 9小双大单组六
0115 9 7 3 8小单大双组六	0519 6 7 2 7小双大单组三	0912 1 6 0 5小双大单组六
0125 4 4 3 1小单小单组六	0528 4 7 2 5小双大单组六	0926 7 3 6 2大双小双组六
0138 5 1 8 8大双大双组三	0537 7 8 3 7小单大单组六	0939 3 3 6 2大双小双组六
0146 2 9 9 4大单小双组三	0546 1 1 2 3小双小单组六	0949 4 0 2 2小双小双组三
0154 8 7 4 7小双大单组三	0556 8 8 2 6小双大双组六	0959 3 4 7 7大单大单组三
0168 2 9 3 8小单大双组六	0567 6 1 6 5大双大单组六	0966 1 8 2 5小双大单组六
0176 7 9 5 5大单大单组三	0572 8 1 1 5小单大单组三	0979 6 6 1 8小单大双组六
0189 4 6 1 5小单大单组六	0582 5 2 2 9小双大单组三	0983 5 5 0 3小双小单组六
0198 2 9 3 7小单大单组六	0594 7 0 8 0大双小双组三	0994 7 7 5 2大单小双组六
0203 3 5 2 0小双小双组六	0602 8 8 3 2小单小双组六	1001 4 2 8 7大双大单组六
0219 3 8 5 1大单小单组六	0616 8 5 2 7小双大单组六	1018 7 9 5 3大单小单组六
0221 5 4 9 6大单大双组六	0621 7 2 5 9大单大单组六	1027 3 5 6 3大双小单组六
0238 6 9 2 3小双小单组六	0637 5 7 4 9小双大单组六	1034 4 3 9 6大单大双组六
0240 2 0 3 5小单大单组六	0649 7 8 7 2大单小双组六	1045 3 8 0 8小双大双组三
0259 8 7 2 3小双小单组六	0658 5 2 9 6大单大双组六	1052 1 9 5 7大单大单组六
0269 8 0 6 8大双大双组六	0665 6 6 2 4小双小双组六	1068 7 6 5 5大单大单组三
0270 0 0 9 8大单大双组六	0675 1 4 7 4大单小双组三	1070 4 6 2 0小双小双组六
0280 9 8 8 5大双大单组三	0680 3 0 7 1大单小单组六	1086 9 7 5 3大单小单组六
0298 4 4 8 1大双小单组六	0693 7 5 0 2小双小双组六	1096 2 3 7 9大单大单组六
0308 1 2 6 7大双大单组六	0707 7 8 1 0小单小双组六	1100 4 7 5 2大单小双组六
0311 9 8 4 3小双小单组六	0715 2 0 8 6大双大双组六	1110 9 2 3 6小单大双组六
0322 8 9 2 1小双小单组六	0725 9 9 1 7小单大单组六	1120 8 3 0 6小双大双组六
0331 3 5 0 9小双大单组六	0738 2 9 0 0小双小双组三	1131 6 4 0 0小双小双组三
0340 5 1 5 7大单大单组六	0743 3 1 4 1小双小单组三	1149 7 5 7 9大单大单组六
0359 4 7 0 5小双大单组六	0751 8 2 3 3小单小单组三	1155 7 8 6 7大双大单组六
0364 9 8 0 3小双小单组六	0762 4 1 7 7大单大单组三	1168 4 2 7 9大单大单组六
0379 4 3 8 6大双大双组六	0772 8 5 4 5小双大单组三	1173 1 4 4 2小双小双组三
0384 9 5 9 4大单小双组六	0782 3 0 1 8小单大双组六	1183 4 7 0 5小双大单组六
0397 0 8 7 1大单小单组六	0793 2 8 4 4小双小双组三	1199 0 6 0 6小双大双组三
0406 7 6 9 2大单小双组六	0804 1 8 9 5大单大单组六	1209 6 5 7 7大单大单组三
0013 0 3 2 5小双大单组六	0416 9 5 4 6小双大双组六	0815 2 9 1 4小单小双组六
0027 8 6 7 6大单大双组三	0422 2 8 6 4大双小双组六	0826 9 1 2 5小双大单组六
0032 1 4 4 1小双小单组三	0431 5 4 2 5小双大单组六	0835 5 3 1 4小单小双组六
0048 6 2 6 6大双大双组三	0445 5 3 5 6大单大双组六	0843 7 9 7 1大单小单组六
0056 0 8 3 1小单小单组六	0455 6 9 6 0大双小双组六	0858 7 6 4 2小双小双组六
0067 6 1 2 2小双小双组三	0469 5 5 5 6大单大双组三	0865 0 1 7 8大单大双组六
0072 7 7 4 1小双小单组六	0471 3 0 7 3大单小单组六	0871 5 4 1 9小单大单组六
0080 3 9 4 3小双小单组六	0488 0 7 4 6小双大双组六	0880 1 8 1 5小单大单组六
0093 6 8 2 8小双大双组三	0492 1 8 8 5大双大单组三	0895 8 0 3 4小单小双组六
0109 8 4 5 6大单大双组六	0502 7 3 6 2大双小双组六	0900 2 9 7 4大单小双组六
0117 6 6 3 9小单大单组六	0510 3 9 6 0大双小双组六	0911 6 3 6 3大双小单组三
0125 7 0 4 0小双小双组三	0528 9 9 3 7小单大单组六	0925 8 7 0 1小双小单组六
0133 3 5 0 7小双大单组六	0534 4 2 5 2大单小双组三	0933 2 1 9 3大单小单组六
0140 2 3 5 3大单小单组三	0544 8 4 3 4小单小双组三	0947 6 2 7 4大单小双组六
0154 1 7 8 9大双大单组六	0550 6 0 1 6小单大双组六	0957 5 7 5 9大单大单组六
0169 5 1 0 8小双大双组六	0566 0 7 3 3小单小单组三	0966 8 6 2 2小双小双组三
0176 1 2 1 7小单大单组六	0571 1 5 0 6小双大双组六	0979 8 3 3 3小单小单豹子
0180 0 4 5 9大单大单组六	0586 9 8 8 0大双小双组三	0986 6 6 8 8大双大双组三
0190 4 7 2 8小双大双组六	0596 9 5 0 7小双大单组六	0991 5 3 0 1小双小单组六
0203 8 9 0 9小双大单组三	0606 2 6 9 5大单大单组六	1008 6 5 1 2小单小双组六
0215 2 5 7 0大单小双组六	0618 1 4 4 2小双小双组三	1011 1 5 1 2小单小双组六
0223 1 2 6 4大双小双组六	0622 5 2 4 3小双小单组六	1022 6 9 5 9大单大单组三
0237 6 1 6 0大双小双组六	0634 7 8 4 8小双大双组三	1039 5 5 4 6小双大双组六
0245 3 3 2 0小双小双组六	0640 5 6 9 4大单小双组六	1047 9 1 8 6大双大双组六
0256 8 8 2 0小双小双组六	0657 7 7 7 8大单大双组三	1059 0 7 4 3小双小单组六
0264 3 1 6 3大双小单组六	0662 0 8 0 5小双大单组六	1063 3 2 3 3小单小单组三
0272 7 3 3 2小单小双组三	0677 8 0 6 0大双小双组三	1070 4 9 3 2小单小双组六
0284 4 6 9 4大单小双组六	0689 3 1 8 0大双小双组六	1081 3 6 8 0大双小双组六
0294 8 7 7 8大单大双组三	0691 8 3 6 4大双小双组六	1096 9 6 1 6小单大双组三
0308 8 9 7 7大单大单组三	0706 2 8 8 3大双小单组三	1102 4 6 5 8大单大双组六
0317 8 3 4 1小双小单组六	0710 9 2 7 0大单小双组六	1118 9 1 2 4小双小双组六
0323 5 0 5 4大单小双组六	0722 5 6 9 2大单小双组六	1129 8 4 3 3小单小单组三
0330 8 7 5 1大单小单组六	0732 7 7 4 1小双小单组六	1135 0 3 8 5大双大单组六
0349 6 2 5 7大单大单组六	0745 0 3 6 6大双大双组三	1144 5 4 1 0小单小双组六
0354 7 4 1 2小单小双组六	0756 1 9 3 9小单大单组三	1157 9 3 7 6大单大双组六
0365 2 2 1 3小单小单组六	0762 6 8 5 5大单大单组三	1162 5 1 6 1大双小单组三
0376 9 8 1 3小单小单组六	0771 7 0 6 4大双小双组六	1178 9 1 3 3小单小单组三
0386 7 7 2 1小双小单组六	0781 6 3 6 8大双大双组六	1180 2 7 0 5小双大单组六
0394 9 2 2 1小双小单组三	0791 3 6 0 9小双大单组六	1196 9 4 7 5大单大单组六
0404 8 7 5 4大单小双组六	0809 0 1 6 2大双小双组六	1203 8 7 5 0大单小双组六
0013 0 1 6 3大双小单组六	0418 6 2 9 9大单大单组三	0814 8 3 7 3大单小单组三
0022 4 4 0 6小双大双组六	0422 4 6 3 0小单小双组六	0826 7 9 3 1小单小单组六
0037 8 6 2 5小双大单组六	0436 7 4 9 5大单大单组六	0834 6 4 1 6小单大双组六
0045 4 5 3 7小单大单组六	0445 4 7 5 2大单小双组六	0843 3 4 1 1小单小单组三
0057 8 7 6 3大双小单组六	0453 0 3 7 3大单小单组三	0852 1 7 9 1大单小单组六
0060 7 0 3 0小单小双组三	0468 0 5 5 9大单大单组三	0861 5 0 1 6小单大双组六
0074 7 6 7 2大单小双组六	0476 2 6 7 1大单小单组六	0876 9 0 9 8大单大双组六
0082 8 6 2 6小双大双组三	0488 4 4 9 7大单大单组六	0883 2 1 7 7大单大单组三
0094 1 0 5 5大单大单组三	0494 4 9 1 3小单小单组六	0894 6 1 5 8大单大双组六
0102 0 9 0 2小双小双组六	0504 2 3 3 2小单小双组三	0901 0 5 1 7小单大单组六
0117 7 2 5 3大单小单组六	0514 4 9 2 4小双小双组六	0911 9 9 3 9小单大单组三
0122 8 6 0 8小双大双组六	0529 9 2 1 2小单小双组三	0922 5 6 1 1小单小单组三
0138 2 7 0 2小双小双组六	0531 9 9 6 4大双小双组六	0930 9 8 2 7小双大单组六
0140 2 6 8 1大双小单组六	0549 1 8 2 8小双大双组三	0945 8 4 9 7大单大单组六
0156 5 9 4 0小双小双组六	0552 5 5 5 1大单小单组三	0952 3 7 3 4小单小双组六
0160 4 7 0 4小双小双组六	0565 7 4 7 4大单小双组三	0969 5 7 8 3大双小单组六
0178 8 0 2 5小双大单组六	0577 9 8 9 0大单小双组六	0975 2 8 7 7大单大单组三
0181 4 5 4 3小双小单组六	0589 5 2 7 1大单小单组六	0986 1 9 5 4大单小双组六
0199 3 1 3 6小单大双组六	0595 2 9 5 8大单大双组六	099
0203 6 5 5 5大单大单豹子	0608 3 8 3 7小单大单组六	100
0215 9 7 7 4大单小双组三	0613 5 3 0 4小双小双组六	1011 1 8 9 1大单小单组六
0227 5 8 5 3大单小单组六	0623 4 0 6 5大双大单组六	1026 4 5 3 1小单小单组六
0236 7 6 4 5小双大单组六	0634 5 0 0 8小双大双组三	103
0240 9 1 4 6小双大双组六	0649 6 2 1 6小单大双组六	104
0251 6 4 1 1小单小单组三	0652 3 0 8 4大双小双组六	105
0268 8 7 8 1大双小单组六	0665 0 7 0 7小双大单组三	1061 3 9 6 9大双大单组三
0270 1 6 1 0小单小双组六	0673 2 3 5 7大单大单组六	1072 0 7 0 8小双大双组六
0287 4 0 1 5小单大单组六	0685 4 0 8 0大双小双组三	1081 0 5 6 1大双小单组六
0291 2 0 6 5大双大单组六	0695 9 6 1 1小单小单组三	1095 6 6 6 9大双大单组三
0302 7 8 1 0小单小双组六	0704 2 6 4 4小双小双组三	110
0319 8 2 5 2大单小双组三	0710 3 0 7 7大单大单组三	1115 7 6 4 0小双小双组六
0321 5 9 0 2小双小双组六	0726 3 3 3 2小单小双组三	1124 4 4 9 7大单大单组六
0334 6 7 9 7大单大单组三	0738 1 5 7 2大单小双组六	113
0345 9 0 9 9大单大单组三	0747 8 2 1 2小单小双组三	1149 1 6 7 9大单大单组六
0357 2 1 5 4大单小双组六	0753 8 7 7 3大单小单组三	1153 8 2 2 2小双小双豹子
0366 2 0 6 5大双大单组六	0768 6 6 2 4小双小双组六	1167 2 8 7 2大单小双组六
0378 0 6 8 0大双小双组六	0779 0 8 1 6小单大双组六	1171 4 2 4 5小双大单组六
0384 5 1 3 7小单大单组六	0784 9 4 9 3大单小单组六	1186 2 9 1 2小单小双组六
0399 8 1 5 7大单大单组六	0796 5 5 1 9小单大单组六	1195 9 1 0 1小双小单组三
0407 2 1 0 1小双小单组三	0807 0 6 7 2大单小双组六	1204 8 3 8 2大双小双组六
0015 7 9 9 3大单小单组三	0416 6 3 2 6小双大双组六	0816 4 4 3 5小单大单组六
0023 0 0 6 0大双小双组三	0421 3 2 8 3大双小单组六	0823 5 9 1 5小单大单组六
0031 0 5 9 5大单大单组三	0432 6 8 5 8大单大双组三	0831 0 5 3 9小单大单组六
0041 8 6 3 4小单小双组六	0448 1 8 5 9大单大单组六	0848 3 0 7 3大单小单组六
0050 1 8 3 7小单大单组六	0459 3 2 8 2大双小双组三	0850 0 6 1 3小单小单组六
0063 3 1 8 2大双小双组六	0468 1 5 9 6大单大双组六	0869 3 4 3 5小单大单组六
0071 4 6 7 2大单小双组六	0476 4 2 8 4大双小双组六	0876 5 1 9 7大单大单组六
0086 7 2 0 2小双小双组三	0485 5 0 1 4小单小双组六	0888 5 3 9 9大单大单组三
0097 0 6 5 8大单大双组六	0499 8 9 9 3大单小单组三	0890 2 0 1 4小单小双组六
0109 2 3 9 3大单小单组三	0508 0 8 4 9小双大单组六	0900 1 7 5 6大单大双组六
0114 5 8 5 2大单小双组六	0512 3 2 9 2大单小双组三	0919 9 2 8 0大双小双组六
0120 4 8 6 8大双大双组三	0526 1 9 9 8大单大双组三	0923 5 9 8 3大双小单组六
0130 9 3 5 6大单大双组六	0533 1 1 1 7小单大单组三	0936 0 6 6 5大双大单组三
0143 3 4 8 9大双大单组六	0542 3 8 1 9小单大单组六	0945 4 5 8 7大双大单组六
0158 4 7 0 7小双大单组三	0558 9 8 2 1小双小单组六	0953 2 8 6 4大双小双组六
0160 7 6 2 3小双小单组六	0569 0 0 4 2小双小双组六	0960 0 2 6 0大双小双组六
0178 6 8 1 6小单大双组六	0578 9 3 5 8大单大双组六	0977 1 3 5 5大单大单组三
0187 4 1 0 0小双小双组三	0585 9 1 4 5小双大单组六	0989 7 9 9 0大单小双组三
0196 2 9 8 0大双小双组六	0593 0 1 7 5大单大单组六	0998 8 8 9 7大单大单组六
0207 4 7 0 7小双大单组三	0608 4 2 6 1大双小单组六	1001 7 6 7 8大单大双组六
0214 3 2 6 3大双小单组六	0619 0 1 1 3小单小单组三	1019 0 9 3 1小单小单组六
0220 6 9 5 7大单大单组六	0620 7 0 7 5大单大单组六	1025 8 1 9 1大单小单组三
0232 6 4 9 0大单小双组六	0637 0 3 9 6大单大双组六	1031 4 2 9 3大单小单组六
0248 7 2 2 4小双小双组三	0640 5 0 2 6小双大双组六	1041 0 2 3 9小单大单组六
0251 1 2 3 6小单大双组六	0653 5 5 8 6大双大双组六	1051 8 3 4 9小双大单组六
0268 0 9 6 7大双大单组六	0661 4 6 5 3大单小单组六	1067 4 6 5 2大单小双组六
0279 5 9 7 3大单小单组六	0677 7 7 8 6大双大双组六	1079 1 6 0 8小双大双组六
0283 1 6 2 3小双小单组六	0685 1 1 1 7小单大单组三	1084 6 8 2 9小双大单组六
0292 5 2 2 0小双小双组三	0699 1 9 5 7大单大单组六	1098 1 0 6 2大双小双组六
0302 7 6 8 8大双大双组三	0703 7 2 9 2大单小双组三	1102 3 0 7 3大单小单组六
0318 7 6 1 0小单小双组六	0715 4 4 9 0大单小双组六	1119 6 8 0 9小双大单组六
0321 4 0 2 3小双小单组六	0729 2 6 2 0小双小双组六	1124 2 0 1 3小单小单组六
0330 9 8 4 8小双大双组三	0737 9 6 1 8小单大双组六	1133 9 8 5 4大单小双组六
0346 9 9 4 8小双大双组六	0742 0 5 5 6大单大双组三	1141 3 0 1 0小单小双组三
0358 1 7 7 4大单小双组三	0758 2 0 8 4大双小双组六	1152 0 8 7 8大单大双组三
0363 6 9 3 4小单小双组六	0761 2 8 8 6大双大双组三	1168 2 6 3 7小单大单组六
0376 1 6 6 5大双大单组三	0777 7 9 1 2小单小双组六	1178 3 5 3 7小单大单组六
0380 8 0 4 6小双大双组六	0783 3 1 6 2大双小双组六	1187 4 3 3 1小单小单组三
0394 1 4 3 3小单小单组三	0799 7 2 6 4大双小双组六	1197 0 0 6 7大双大单组六
0405 4 0 0 5小双大单组三	0804 2 0 3 0小单小双组三	1203 6 5 7 8大单大双组六
0013 0 0 9 1大单小单组六	0410 6 7 4 5小双大单组六	0811 5 7 2 8小双大双组六
0023 1 7 5 2大单小双组六	0423 7 0 5 1大单小单组六	0820 1 0 2 2小双小双组三
0035 1 5 5 2大单小双组三	0436 7 5 4 7小双大单组六	0833 9 1 2 3小双小单组六
0043 1 6 7 9大单大单组六	0440 7 5 5 1大单小单组三	0845 9 2 1 4小单小双组六
0050 4 5 8 7大双大单组六	0457 4 9 5 8大单大双组六	0850 1 0 5 1大单小单组六
0062 8 9 5 7大单大单组六	0462 4 5 5 3大单小单组三	0863 0 3 1 2小单小双组六
0077 8 9 5 9大单大单组三	0472 4 4 3 3小单小单组三	0876 1 5 6 4大双小双组六
0080 1 1 6 2大双小双组六	0485 7 5 0 2小双小双组六	0887 5 0 6 9大双大单组六
0099 3 4 5 7大单大单组六	0496 6 7 8 4大双小双组六	0897 5 1 8 7大双大单组六
0103 4 0 1 7小单大单组六	0502 3 0 1 6小单大双组六	0902 5 5 0 2小双小双组六
0114 1 5 8 3大双小单组六	0518 6 8 5 0大单小双组六	0912 7 0 8 6大双大双组六
0122 0 8 4 6小双大双组六	0528 8 7 4 8小双大双组六	0922 8 6 3 1小单小单组六
0134 7 1 4 4小双小双组三	0536 6 3 4 7小双大单组六	0930 8 2 9 2大单小双组三
0140 5 8 6 2大双小双组六	0541 2 8 2 7小双大单组六	0942 5 1 2 7小双大单组六
0151 4 9 5 5大单大单组三	0559 3 2 1 8小单大双组六	0956 7 6 8 1大双小单组六
0166 2 4 6 6大双大双组三	0564 0 6 1 3小单小单组六	0968 1 0 6 4大双小双组六
0170 1 9 9 9大单大单豹子	0579 8 1 4 1小双小单组三	0975 7 1 8 2大双小双组六
0181 2 0 7 2大单小双组六	0582 5 9 1 6小单大双组六	0981 1 8 5 4大单小双组六
0193 6 6 4 9小双大单组六	0592 2 8 7 8大单大双组三	0995 9 9 0 3小双小单组六
0205 8 8 8 3大双小单组三	0609 5 6 7 8大单大双组六	1008 9 2 7 7大单大单组三
0210 8 2 5 0大单小双组六	0613 4 7 2 3小双小单组六	1018 0 5 9 3大单小单组六
0229 0 7 7 6大单大双组三	0624 1 8 8 8大双大双豹子	1020 3 6 8 0大双小双组六
0233 2 3 7 8大单大双组六	0632 7 0 3 3小单小单组三	1035 8 3 4 4小双小双组三
0243 3 8 0 8小双大双组三	0648 4 5 5 3大单小单组三	1049 5 6 6 4大双小双组三
0259 0 9 9 3大单小单组三	0655 4 0 9 2大单小双组六	1057 3 7 7 7大单大单豹子
0266 2 2 3 0小单小双组六	0664 0 2 6 9大双大单组六	1067 3 5 3 3小单小单组三
0276 5 5 6 9大双大单组六	0673 5 9 6 3大双小单组六	1077 9 3 3 0小单小双组三
0289 6 6 8 3大双小单组六	0684 1 2 6 1大双小单组六	1084 3 9 4 1小双小单组六
0291 7 3 9 8大单大双组六	0691 9 4 7 4大单小双组三	1091 0 9 0 6小双大双组六
0305 0 7 9 3大单小单组六	0700 2 3 9 3大单小单组三	1106 5 1 6 4大双小双组六
0317 4 4 3 4小单小双组三	0713 8 6 3 2小单小双组六	1113 9 1 3 3小单小单组三
0328 0 7 5 1大单小单组六	0729 5 1 7 9大单大单组六	1121 0 1 0 2小双小双组六
0336 6 8 9 1大单小单组六	0738 9 5 1 6小单大双组六	1135 7 3 5 9大单大单组六
0340 2 4 8 6大双大双组六	0740 3 3 0 1小双小单组六	1142 1 2 6 0大双小双组六
0358 1 0 3 7小单大单组六	0754 9 4 8 4大双小双组三	1153 5 3 8 2大双小双组六
0368 0 8 6 8大双大双组三	0766 6 1 4 1小双小单组三	1162 6 0 9 8大单大双组六
0374 8 7 0 5小双大单组六	0777 5 1 8 2大双小双组六	1177 7 9 1 1小单小单组三
0389 6 0 7 2大单小双组六	0785 5 1 5 2大单小双组六	1180 8 9 8 1大双小单组六
0390 6 1 4 0小双小双组六	0791 5 4 3 7小单大单组六	1195 9 7 7 5大单大单组三
0408 4 8 7 1大单小单组六	0806 4 0 1 0小单小双组三	1207 2 7 6 5大双大单组六
0018 6 1 7 8大单大双组六	0413 1 1 5 0大单小双组六	0812 8 2 6 8大双大双组六
0023 0 3 9 0大单小双组六	0428 7 9 1 9小单大单组三	0820 4 9 0 7小双大单组六
0038 6 1 0 2小双小双组六	0431 3 1 4 3小双小单组六	0831 0 9 7 5大单大单组六
0044 4 8 6 2大双小双组六	0447 0 9 5 8大单大双组六	0840 2 1 3 0小单小双组六
0054 0 4 2 5小双大单组六	0450 4 1 9 5大单大单组六	0855 9 7 8 1大双小单组六
0060 8 2 2 5小双大单组三	0466 9 1 1 7小单大单组三	0869 0 9 9 7大单大单组三
0077 9 5 6 2大双小双组六	0475 4 7 7 2大单小双组三	0870 9 5 2 9小双大单组六
0084 1 1 5 9大单大单组六	0485 0 3 3 3小单小单豹子	0884 9 2 2 1小双小单组三
0099 4 5 9 2大单小双组六	0499 4 3 6 6大双大双组三	0894 4 4 7 0大单小双组六
0106 0 9 4 4小双小双组三	0501 1 2 5 2大单小双组三	0902 7 3 3 9小单大单组三
0115 2 6 0 4小双小双组六	0514 6 8 7 1大单小单组六	0915 9 4 8 1大双小单组六
0128 7 1 1 3小单小单组三	0526 5 3 6 5大双大单组六	0920 1 5 6 8大双大双组六
0133 8 2 5 0大单小双组六	0534 8 4 3 5小单大单组六	0937 1 3 9 8大单大双组六
0147 6 4 4 5小双大单组三	0545 0 3 1 9小单大单组六	0944 7 1 5 7大单大单组六
0151 3 4 6 9大双大单组六	0557 4 9 1 5小单大单组六	0953 5 0 7 0大单小双组三
0169 8 7 6 0大双小双组六	0562 6 3 7 3大单小单组三	0969 0 4 9 5大单大单组六
0177 7 5 7 2大单小双组六	0576 4 2 6 3大双小单组六	0977 0 4 3 8小单大双组六
0186 9 9 1 1小单小单组三	0581 6 4 1 9小单大单组六	0987 1 6 7 4大单小双组六
0195 6 0 3 6小单大双组六	0595 8 3 9 7大单大单组六	0998 9 2 0 0小双小双组三
0203 7 0 4 4小双小双组三	0603 6 7 9 3大单小单组六	1009 4 6 6 2大双小双组三
0210 9 6 2 6小双大双组三	0610 9 8 8 3大双小单组三	1016 3 3 0 2小双小双组六
0229 9 7 7 1大单小单组三	0620 5 8 7 6大单大双组六	1029 5 6 9 5大单大单组六
0238 8 2 0 0小双小双组三	0636 0 1 5 7大单大单组六	1039 1 5 2 0小双小双组六
0240 9 2 1 8小单大双组六	0644 9 0 0 5小双大单组三	1041 9 2 8 1大双小单组六
0258 9 2 5 7大单大单组六	0655 2 9 0 7小双大单组六	1059 1 0 9 7大单大单组六
0263 4 1 9 3大单小单组六	0668 4 9 0 5小双大单组六	1069 3 4 8 7大双大单组六
0278 5 6 8 0大双小双组六	0676 5 7 2 4小双小双组六	1072 0 2 5 9大单大单组六
0287 5 8 9 6大单大双组六	0682 2 5 7 8大单大双组六	1084 6 4 6 6大双大双组三
0291 4 7 8 9大双大单组六	0693 2 6 1 3小单小单组六	1098 0 5 0 4小双小双组六
0308 2 6 1 3小单小单组六	0703 4 7 6 8大双大双组六	1103 1 4 4 0小双小双组三
0319 9 5 5 5大单大单豹子	0715 5 4 9 0大单小双组六	1118 8 3 8 0大双小双组六
0329 0 7 0 3小双小单组六	0725 6 8 5 2大单小双组六	1126 4 2 2 3小双小单组三
0334 9 7 4 6小双大双组六	0732 1 6 4 8小双大双组六	1130 5 4 9 8大单大双组六
0347 1 4 2 8小双大双组六	0745 8 3 2 9小双大单组六	1144 5 7 6 9大双大单组六
0358 2 9 0 8小双大双组六	0752 7 2 1 0小单小双组六	1157 2 3 9 6大单大双组六
0361 7 2 4 1小双小单组六	0762 7 8 8 8大双大双豹子	1160 0 5 3 0小单小双组六
0379 3 6 1 5小单大单组六	0779 5 1 6 6大双大双组三	1172 9 1 3 4小单小双组六
0388 0 8 3 8小单大双组三	0782 1 9 5 8大单大双组六	1180 9 2 1 2小单小双组三
0390 4 0 0 6小双大双组三	0794 0 4 8 2大双小双组六	1196 7 6 3 4小单小双组六
0401 1 2 1 0小单小双组六	0800 9 2 5 3大单小单组六	1203 9 5 4 0小双小双组六
0016 0 4 6 5大双大单组六	0415 9 8 6 1大双小单组六	0818 7 6 6 5大双大单组三
0029 8 4 3 5小单大单组六	0424 4 4 6 7大双大单组六	0821 4 7 2 7小双大单组三
0033 7 5 7 1大单小单组六	0438 4 2 5 0大单小双组六	0830 2 0 5 2大单小双组六
0043 3 1 4 8小双大双组六	0444 8 4 7 1大单小单组六	0849 9 2 3 6小单大双组六
0057 7 4 2 6小双大双组六	0456 1 2 4 9小双大单组六	0858 6 9 7 0大单小双组六
0060 3 5 7 6大单大双组六	0465 6 8 5 5大单大单组三	0866 3 5 2 9小双大单组六
0076 2 0 5 1大单小单组六	0478 8 5 8 7大双大单组六	0873 4 6 8 7大双大单组六
0089 0 3 3 4小单小双组三	0489 6 9 5 8大单大双组六	0880 2 2 1 5小单大单组六
0092 1 5 4 7小双大单组六	0493 1 8 8 9大双大单组三	0894 6 3 1 9小单大单组六
0101 2 1 3 8小单大双组六	0503 5 6 4 6小双大双组三	0908 9 6 0 2小双小双组六
0117 9 4 3 0小单小双组六	0512 2 0 6 1大双小单组六	0917 7 5 7 7大单大单组三
0125 6 9 3 7小单大单组六	0522 2 5 5 4大单小双组三	0921 7 2 7 0大单小双组六
0136 4 8 1 5小单大单组六	0535 2 9 0 1小双小单组六	0934 5 1 4 0小双小双组六
0146 8 0 3 0小单小双组三	0540 9 9 9 0大单小双组三	0949 6 7 7 7大单大单豹子
0159 4 8 9 7大单大单组六	0559 5 8 7 5大单大单组六	0950 6 0 2 0小双小双组三
0164 8 5 7 3大单小单组六	0560 3 1 0 7小双大单组六	0965 5 0 0 2小双小双组三
0172 6 8 1 2小单小双组六	0578 3 6 5 4大单小双组六	0978 5 0 1 9小单大单组六
0180 7 9 8 7大双大单组六	0587 5 2 7 9大单大单组六	0989 1 2 2 1小双小单组三
0192 0 3 6 3大双小单组三	0593 4 1 7 5大单大单组六	0995 4 5 0 5小双大单组三
0202 4 8 9 5大单大单组六	0600 5 2 3 0小单小双组六	1008 1 7 3 1小单小单组六
0214 8 8 0 2小双小双组六	0616 9 5 9 3大单小单组六	1012 5 2 0 8小双大双组六
0222 2 4 4 6小双大双组三	0623 6 5 5 6大单大双组三	1020 0 2 9 3大单小单组六
0237 1 3 1 3小单小单组三	0633 8 8 7 1大单小单组六	1039 3 5 5 6大单大双组三
0249 0 3 1 3小单小单组三	0640 2 5 4 2小双小双组六	1046 7 8 6 6大双大双组三
0259 9 0 8 6大双大双组六	0652 6 4 7 4大单小双组三	1058 0 5 7 3大单小单组六
0269 6 5 7 2大单小双组六	0663 1 5 9 4大单小双组六	1061 3 5 6 3大双小单组六
0272 2 9 8 3大双小单组六	0675 9 7 9 2大单小双组六	1078 1 9 5 7大单大单组六
0283 9 4 4 7小双大单组三	0685 9 3 2 5小双大单组六	1085 1 1 9 4大单小双组六
0294 7 2 0 1小双小单组六	0699 7 8 6 1大双小单组六	1096 7 0 9 8大单大双组六
0305 0 7 5 3大单小单组六	0703 9 4 6 6大双大双组三	1105 3 4 4 8小双大双组三
0313 8 1 8 3大双小单组六	0713 2 8 0 2小双小双组六	1116 9 1 5 3大单小单组六
0324 8 6 2 2小双小双组三	0723 3 3 3 6小单大双组三	1128 1 8 5 8大单大双组三
0337 6 3 8 3大双小单组三	0739 9 3 8 1大双小单组六	1134 2 4 8 2大双小双组六
0342 6 0 7 9大单大单组六	0749 0 6 1 7小单大单组六	1147 2 6 9 3大单小单组六
0353 6 4 6 0大双小双组六	0750 3 1 0 0小双小双组三	1151 9 3 7 6大单大双组六
0369 4 4 4 9小双大单组三	0763 6 6 2 1小双小单组六	1169 2 3 2 1小双小单组六
0370 2 7 2 2小双小双组三	0770 5 7 8 1大双小单组六	1179 6 7 7 7大单大单豹子
0380 8 8 5 3大单小单组六	0785 7 8 9 4大单小双组六	1181 4 0 5 9大单大单组六
0392 5 8 1 0小单小双组六	0792 0 9 4 8小双大双组六	1190 5 9 8 7大双大单组六
0401 4 4 2 1小双小单组六	0804 6 6 1 1小单小单组三	1204 3 9 4 0小双小双组六
0014 5 6 9 9大单大单组三	0412 2 0 1 7小单大单组六	0810 4 3 0 5小双大单组六
0021 5 8 6 8大双大双组三	0423 1 0 6 0大双小双组三	0820 7 3 7 4大单小双组六
0036 9 6 5 9大单大单组六	0430 2 8 1 6小单大双组六	0830 2 8 4 0小双小双组六
0044 1 6 4 5小双大单组六	0448 4 1 8 0大双小双组六	0849 5 8 6 0大双小双组六
0050 1 2 5 2大单小双组三	0452 5 8 1 3小单小单组六	0852 0 8 9 7大单大单组六
0069 6 5 0 5小双大单组三	0462 2 7 9 6大单大双组六	0862 5 4 3 0小单小双组六
0076 7 7 2 2小双小双组三	0477 9 4 0 6小双大双组六	0876 7 0 1 4小单小双组六
0083 9 8 5 9大单大单组六	0486 6 9 8 4大双小双组六	0889 6 0 3 9小单大单组六
0094 1 6 1 7小单大单组六	0492 3 2 4 7小双大单组六	0895 4 0 9 8大单大双组六
0101 0 3 1 5小单大单组六	0500 0 1 9 6大单大双组六	0905 0 0 8 3大双小单组六
0119 6 1 9 8大单大双组六	0517 0 7 6 6大双大双组三	0912 4 4 6 8大双大双组六
0127 1 5 1 5小单大单组三	0523 4 1 1 0小单小双组三	0929 3 0 8 4大双小双组六
0139 7 6 1 5小单大单组六	0537 3 3 4 8小双大双组六	0931 6 5 3 8小单大双组六
0148 5 9 0 4小双小双组六	0540 7 5 5 1大单小单组三	0942 0 0 7 0大单小双组三
0150 8 4 9 7大单大单组六	0555 4 9 8 1大双小单组六	0957 2 3 2 8小双大双组六
0161 2 1 7 2大单小双组六	0560 0 0 4 8小双大双组六	0964 9 3 7 9大单大单组六
0175 2 4 4 5小双大单组三	0574 8 8 1 1小单小单组三	0971 2 9 7 7大单大单组三
0189 8 3 5 7大单大单组六	0588 0 0 9 1大单小单组六	0981 2 6 8 0大双小双组六
0193 9 7 9 5大单大单组六	0594 0 6 9 8大单大双组六	099
0206 0 2 6 6大双大双组三	0602 5 6 9 3大单小单组六	100
0210 3 9 0 8小双大双组六	0615 6 5 2 5小双大单组三	1015 8 0 8 0大双小双组三
0220 6 1 5 6大单大双组六	0628 4 7 3 4小单小双组六	1023 7 1 0 5小双大单组六
0234 4 0 3 7小单大单组六	0630 6 1 2 9小双大单组六	103
0245 7 6 1 9小单大单组六	0646 7 7 1 5小单大单组六	104
0252 8 7 1 1小单小单组三	0650 3 8 8 8大双大双豹子	105
0265 1 7 8 1大双小单组六	0662 0 8 9 9大单大单组三	106
0278 1 9 0 5小双大单组六	0670 4 2 5 3大单小单组六	107
0281 8 9 3 7小单大单组六	0681 0 9 0 1小双小单组六	108
0295 2 6 3 8小单大双组六	0695 7 3 6 0大双小双组六	109
0309 4 1 0 8小双大双组六	0707 6 3 1 2小单小双组六	110
0317 5 2 5 8大单大双组六	0713 5 0 2 2小双小双组三	111
0328 2 5 9 4大单小双组六	0720 9 2 6 8大双大双组六	112
0336 1 8 8 3大双小单组三	0737 9 8 1 9小单大单组六	113
0342 4 5 9 2大单小双组六	0744 9 0 1 4小单小双组六	1145 3 6 0 6小双大双组三
0351 6 4 6 2大双小双组六	0757 0 8 6 0大双小双组六	115
0365 8 7 2 3小双小单组六	0762 2 6 3 3小单小单组三	116
0373 1 8 1 9小单大单组六	0771 5 7 4 6小双大双组六	117
0381 6 7 2 6小双大双组六	0787 2 3 3 9小单大单组三	118
0391 9 0 8 6大双大双组六	0792 1 8 2 7小双大单组六	119
0403 6 0 3 3小单小单组三	0806 2 1 7 7大单大单组三	1202 8 6 3 2小单小双组六
0018 2 7 6 4大双小双组六	0417 9 3 7 8大单大双组六	0819 6 6 3 3小单小单组三
0026 3 3 7 9大单大单组六	0420 0 1 3 5小单大单组六	0829 2 4 9 8大单大双组六
0038 2 5 9 7大单大单组六	0439 6 3 7 5大单大单组六	0830 8 1 5 9大单大单组六
0044 5 5 4 7小双大单组六	0446 4 4 0 9小双大单组六	0848 5 1 5 6大单大双组六
0050 4 9 9 6大单大双组三	0453 2 5 3 1小单小单组六	0854 3 9 1 8小单大双组六
0063 6 2 9 3大单小单组六	0469 7 2 5 4大单小双组六	0863 7 1 8 5大双大单组六
0072 4 4 6 3大双小单组六	0471 1 1 0 3小双小单组六	0873 8 9 9 2大单小双组三
0084 6 5 1 4小单小双组六	0487 1 6 5 4大单小双组六	0884 8 0 1 3小单小单组六
0096 1 6 9 0大单小双组六	0492 2 6 7 8大单大双组六	0892 1 2 6 8大双大双组六
0102 8 1 9 4大单小双组六	0505 0 1 5 6大单大双组六	0903 5 3 6 7大双大单组六
0113 6 1 2 7小双大单组六	0514 6 9 1 4小单小双组六	0916 8 1 5 2大单小双组六
0128 9 6 6 1大双小单组三	0528 0 7 9 8大单大双组六	0924 2 7 5 7大单大单组三
0130 8 3 4 3小双小单组三	0533 8 6 8 5大双大单组六	0936 4 4 9 9大单大单组三
0145 1 4 8 6大双大双组六	0548 1 1 9 1大单小单组三	0944 0 7 6 2大双小双组六
0158 4 8 5 3大单小单组六	0551 9 5 3 3小单小单组三	0950 9 1 7 6大单大双组六
0167 2 9 5 5大单大单组三	0563 2 5 6 2大双小双组六	0964 7 3 0 1小双小单组六
0174 0 9 5 2大单小双组六	0573 6 8 3 5小单大单组六	0971 7 3 8 9大双大单组六
0188 2 2 8 0大双小双组六	0585 7 5 3 5小单大单组三	0988 3 8 7 4大单小双组六
0197 2 3 7 2大单小双组六	0594 3 9 4 6小双大双组六	0999 9 3 9 0大单小双组六
0203 6 4 4 6小双大双组三	0602 7 9 2 5小双大单组六	1009 7 7 8 0大双小双组六
021	0617 1 7 1 5小单大单组六	1019 9 8 0 8小双大双组三
0220 5 4 4 2小双小双组三	0622 7 6 1 4小单小双组六	1027 9 1 8 8大双大双组三
0234 8 2 9 8大单大双组六	0635 5 3 1 7小单大单组六	1038 7 9 9 2大单小双组三
0242 2 7 1 9小单大单组六	0648 5 6 2 0小双小双组六	1043 6 3 2 3小双小单组三
0259 2 6 6 3大双小单组三	0651 6 4 4 5小双大单组三	1058 8 2 7 7大单大单组三
0267 2 4 1 0小单小双组六	0667 3 3 4 2小双小双组六	1066 1 1 2 7小双大单组六
0272 1 3 7 7大单大单组三	0676 5 7 2 2小双小双组三	1079 7 0 2 6小双大双组六
0289 1 6 7 0大单小双组六	0688 7 2 2 4小双小双组三	1088 4 3 9 5大单大单组六
0292 1 7 3 4小单小双组六	0696 8 4 6 3大双小单组六	1092 1 3 1 7小单大单组六
0305 5 5 7 3大单小单组六	0700 4 7 0 7小双大单组三	1107 6 4 5 8大单大双组六
0311 1 7 7 2大单小双组三	0719 5 3 4 6小双大双组六	1112 3 1 0 0小双小双组三
0320 0 7 2 2小双小双组三	0724 7 2 7 2大单小双组三	1127 4 4 2 3小双小单组六
0335 6 2 1 2小单小双组三	0732 6 3 2 9小双大单组六	1135 3 5 3 2小单小双组六
0341 3 5 3 1小单小单组六	0745 6 9 2 4小双小双组六	1143 2 0 0 2小双小双组三
0359 3 5 9 7大单大单组六	0753 4 3 9 1大单小单组六	1158 8 9 2 7小双大单组六
0368 9 5 0 2小双小双组六	0764 2 9 9 7大单大单组三	1162 2 6 7 7大单大单组三
0375 8 0 8 7大双大单组六	0772 6 1 2 1小双小单组三	1170 0 1 1 3小单小单组三
0386 3 1 6 8大双大双组六	0789 1 8 9 0大单小双组六	1186 1 9 1 1小单小单组三
0399 5 9 3 8小单大双组六	0790 4 5 0 3小双小单组六	1195 9 3 0 0小双小双组三
0402 9 8 6 5大双大单组六	0807 9 2 1 1小单小单组三	1201 1 7 9 6大单大双组六
0014 7 4 0 0小双小双组三	0410 9 9 7 4大单小双组六	0819 3 3 1 7小单大单组六
0029 0 3 8 5大双大单组六	0420 4 8 7 2大单小双组六	0826 9 3 3 9小单大单组三
0034 6 1 7 9大单大单组六	0433 4 6 5 6大单大双组三	0833 5 4 1 4小单小双组三
0048 9 3 5 4大单小双组六	0447 7 8 8 5大双大单组三	0846 8 0 4 7小双大单组六
0051 9 1 6 2大双小双组六	0454 0 4 1 3小单小单组六	0859 8 6 0 3小双小单组六
0068 9 7 9 9大单大单组三	0469 7 1 6 7大双大单组六	0864 1 4 1 4小单小双组三
0070 4 8 2 0小双小双组六	0471 9 5 7 8大单大双组六	0870 3 6 4 8小双大双组六
0088 8 2 7 7大单大单组三	0481 4 0 3 3小单小单组三	0889 0 0 6 5大双大单组六
0096 1 2 1 2小单小双组三	0490 0 0 7 3大单小单组六	0892 2 5 1 5小单大单组三
0103 2 5 6 5大双大单组三	0503 2 2 9 3大单小单组六	0908 3 7 5 4大单小双组六
0113 0 0 8 0大双小双组三	0510 2 1 3 6小单大双组六	0914 8 0 6 6大双大双组三
0127 1 8 6 7大双大单组六	0527 6 1 9 1大单小单组三	0925 6 8 9 7大单大单组六
0131 3 3 0 9小双大单组六	0537 7 7 6 1大双小单组六	0931 5 8 5 1大单小单组六
0147 6 3 7 8大单大双组六	0544 2 9 2 6小双大双组六	0944 2 6 1 7小单大单组六
0154 0 7 2 1小双小单组六	0555 1 9 4 5小双大单组六	0952 4 9 8 6大双大双组六
0161 7 5 5 1大单小单组三	0568 2 7 9 5大单大单组六	0963 3 6 3 0小单小双组六
0171 4 1 9 1大单小单组三	0577 5 4 9 2大单小双组六	0976 9 1 7 5大单大单组六
0184 5 5 4 2小双小双组六	0582 9 1 5 3大单小单组六	0982 6 9 6 8大双大双组六
0197 7 5 6 9大双大单组六	0595 9 4 8 5大双大单组六	0999 6 0 0 1小双小单组三
0202 0 7 4 8小双大双组六	0605 5 6 8 9大双大单组六	1009 6 3 3 2小单小双组三
0215 8 9 5 6大单大双组六	0619 6 1 0 6小双大双组六	1018 4 7 6 5大双大单组六
0224 4 9 7 8大单大双组六	0623 6 7 5 2大单小双组六	1029 5 6 9 1大单小单组六
0230 8 6 5 7大单大单组六	0638 2 0 4 9小双大单组六	1036 8 8 8 7大双大单组三
0249 1 6 5 7大单大单组六	0644 8 4 5 3大单小单组六	1047 8 6 1 0小单小双组六
0258 8 5 4 7小双大单组六	0657 3 3 0 0小双小双组三	1052 1 1 5 8大单大双组六
0260 9 3 8 1大双小单组六	0669 9 2 6 4大双小双组六	1067 0 2 3 5小单大单组六
0273 6 9 7 3大单小单组六	0672 8 7 0 4小双小双组六	1076 0 9 6 3大双小单组六
0282 2 9 9 5大单大单组三	0680 0 2 8 1大双小单组六	1087 5 0 6 2大双小双组六
0298 4 3 7 8大单大双组六	0694 4 5 5 4大单小双组三	1095 1 3 2 1小双小单组六
0302 8 0 0 6小双大双组三	0707 4 9 2 8小双大双组六	1103 7 6 1 3小单小单组六
0319 3 1 1 6小单大双组三	0714 5 5 9 2大单小双组六	111
0325 6 2 2 1小双小单组三	0727 8 4 2 3小双小单组六	112
0335 8 6 4 3小双小单组六	0730 2 8 4 6小双大双组六	113
0343 5 1 7 2大单小双组六	0748 5 5 1 3小单小单组六	114
0356 0 5 6 2大双小双组六	0755 7 5 3 0小单小双组六	115
0360 4 8 2 0小双小双组六	0769 0 1 3 6小单大双组六	116
0377 5 7 9 8大单大双组六	0779 4 8 5 5大单大单组三	117
0384 8 4 3 4小单小双组三	0784 4 5 9 6大单大双组六	118
0394 9 9 0 1小双小单组六	0793 7 2 3 6小单大双组六	119
0405 3 4 2 6小双大双组六	0809 5 8 3 7小单大单组六	1207 5 5 3 0小单小双组六